Name	X	Y	Source	Mg	Al	Si	P	S	Cl	K	Ca	Ti	Cr	Mn	Fe	Co	Ni	Cu	Zn	As	Sr	Ba	Pb	Hg	Tl	Rb	Ga	Zr	Bi	Na	W	Nd	Pr	Sc	V	Au	Se	Ge	sluda	smektit	hlorit	kaolinit	ceolit	kvarc	kps	plagioklaz	rogovaa_obmanka	gips
2001	42,48651	43,22803	NV_left_slope	4,104	60,854	357,22		0,23		54,93	1,33	3,71		0,823	11,33			0,257	0,44	0,35	0,21	1,62	1,34	1,48	1,91														32	7	4	0	0	42	0	15	0	0
2002	42,484621	43,227589	NV_left_slope	0,05	198,015	267,74				121,98	7,98	23,302	1,14	3,39	369,84		0,15	0,54	0,765		0,275	5,1				3,23	0,695	5,91											46	0	7	9	0	21	4	13	0	0
2003	42,482532	43,228736	NV_left_slope	1,07	75,09	162,34	2,55	5,23	1,28	52,64	26,67	10,87	0,28	2,95	111,05	0,195			0,79		1,31	3,65													0,12				36	4	3	0	0	48	2	7	0	0
2004	42,480812	43,229299	NV_left_slope	0,95	54,64	330	0,8	1,22	0,51	42,99	7,28	6,26		1,47	82,4	0,085	0,23	0,47	1,64		0,65	1,79				0,95			0,945										11	1	2	0	0	64	8	14	0	0
2005	42,480762	43,229127	NV_left_slope	3,26	15,89	386,53				5,92	0,42	0,47		0,166	5,37	0,28		0,1	8,80E-02	0,418	0,32	0,254	0,57			0,38													12	0	1	0	0	58	13	16	0	0
2006	42,479376	43,22976	NV_left_slope	0,24	138,05	228				54,33	3,45	3,12		6,14	423,4			1,375	2,91		0,82	1,835				0,328													18	0	2	0	1	51	14	14	0	0
2007	42,477305	43,230735	NV_left_slope	4,62	65,48	263,34		1,07		14,39	9,23	0,097	0,043	0,05	3,5	0,11	0,22	0,36	0,25	0,052	0,61	0,54	0,3							2,21	0,963								10	0	1	0	0	56	13	20	0	0
2008	42,476786	43,23161	NV_left_slope	14,27	104,97	270			1,15	53,05	7,69	6,14	0,67	2,12	84,26	1,68	0,36	0,97	0,93	0,11	0,62	4,164	0,998																10	5	4	0	0	56	10	15	0	0
2009	42,474755	43,23211	NV_left_slope	0,083	181,98	246,82				121,44	0,89	6,12	0,435	0,84	67,7	0,14	0,198	0,045	0,242		0,533	3,8																	51	1	3	7	0	30	2	6	0	0
2010	42,470527	43,233797	NV_moraine	1,26	57,63	347,83				32,7	0,645	0,689		0,71	7,38	0,62	0,106	0,145	1,87	0,278	0,5	0,311	0,226												0,203				9	0	1	0	0	57	16	17	0	0
2011	42,47731	43,229893	NV_right_slope	0,37	111,09	268,62				75,54	6,97	7,099	0,62	1,37	92,25			0,53	0,82		0,76	3,25																	24	7	7	0	0	34	7	21	0	0
2012	42,478301	43,22978	NV_moraine	0,125	62,68	213,7		0,5	0,96	51,31	4,7	2,74	0,075	0,635	41,65	0,73	0,135	0,25	0,382	0,263	0,62	1,67	1,04			0,7	0,505			0,86									16	5	2	0	0	53	11	13	0	0
2013	42,479828	43,229155	NV_right_slope	0,26	74,105	300	0,4	0,9	1,075	24,22	3,21	0,573	0,082	0,5	11,6	0,67	0,176	0,25	0,22		0,52	0,91				0,54						2,63							10	1	2	0	0	60	11	16	0	0
2014	42,482537	43,228182	NV_right_slope	0,23	102,15	277,78				184,33	4,62	4,82	0,55	1,84	51,52			0,33	1,03		0,67	4,15				1,07													29	4	4	3	0	34	6	20	0	0
2015	42,48510531	43,22729926	NV_moraine	0,05	11,28	155				5,65	0,58	0,34		0,122	4,75	0,454	0,118	0,163	0,174		0,56	0,17							0,68										4	0	1	0	0	70	9	16	0	0
2016	42,485509	43,226532	NV_right_slope	1,02	44,84	130	2,65	2,43	1,16	19,28	8,6	4,67	0,128	1,52	60,4				0,95		0,775	0,834																	12	5	3	0	0	47	3	30	0	0
2017	42,480339	43,229045	NV_moraine	20,54	129,5	364,9		0,47	0,96	89,9	7,72	12,44		1,71	110,15	1,08		0,55	0,45		1,05	3,81							1,624										15	2	3	0	0	52	10	18	0	0
2018	42,479266	43,229581	NV_moraine	1,03	46,91	209,4				20,68	1,26	1,05		0,85	12,41	0,47		0,17	0,5	0,023	1,34	0,18	1,25	1,52		0,44		1,37						1,95					11	2	2	0	0	57	11	17	0	0
2019	42,487691	43,218566	ST	0,87	43,4	259			2,47	47,34	3,45	0,94		0,85	21,2	0,533	0,32		0,21		0,74	1,99											2,23	0,62					10	0	2	0	0	53	11	24	0	0
2020	42,487632	43,218732	ST	10,69	109,44	355	1,05			107,2	3,78	4,77	0,22	5,19	36,75			0,32	0,45		0,55	2,785		1,15					0,775										16	2	4	0	0	45	11	22	0	0
2021	42,489012	43,21943	ST	6,5	74,56	415,3				81,74	12,05	1,96	0,165	0,43	19,47			0,16	0,22	0,038	0,61	3,23	0,68		0,622						0,51								17	0	1	0	0	58	9	15	0	0
2022	42,494018	43,221467	Mix	10,04	108,36	372,3				76,7	15,3	14,8		1,25	29,42			0,26	0,214	0,126	0,73	2,21	0,64																14	0	2	0	0	45	14	25	0	0
2023	42,493701	43,221845	Mix	4,95	79,08	402,15				35,7	10,75	1,83		0,37	20,3	0,45			0,38		0,44	1,28	0,87	0,85															10	0	1	0	0	64	11	14	0	0
2024	42,493701	43,222537	Mix	2,07	94,5	312				82,7	4,35	4,3	0,2	1,15	52,9			0,213	0,33		0,53	2,97				0,77													12	2	4	0	0	59	6	17	0	0
2025	42,493628	43,223115	Mix	1,93	50,22	353				28,15	13,12	4,98	0,2	0,65	25,28	0,42	0,134		0,23		0,65	1,43	0,92			0,74		1,06											13	2	5	0	0	59	7	14	0	0
2026	42,493635	43,223566	Mix	1,98	23,42	53,4	1,17	0,95	1,04	22,21	11,8	1,82		0,177	4,65		0,048	0,096	0,276		0,614	1,54																	12	0	1	0	0	57	13	17	0	0
2027	42,493559	43,224146	Mix	2,15	64,62	395,4				127,5	10,88	1,56	0,42	0,375	22,6	0,48		0,306	0,19		0,365	1,89				0,82	0,531												9	1	0	0	0	54	17	19	0	0
2028	42,488128	43,222167	LS	20,35	91,13	260,65		3,57		44,35	22,57	11,9	0,385	9,57	154,95	2,31		0,45	0,8		1,09	3,185								0,97									24	3	7	0	0	46	3	14	0	3
2029	42,488322	43,222716	LS	21,22	79,62	268,85		5,22		45,54	22,19	11,25	0,234	18,3	180,61	2,825		0,39	1,5		1,52	2,29	3,38			1,5				1,03									11	8	3	0	0	56	5	17	0	0
D1	42,493025	43,22443	Mix	0,52	3,23	463,9				5,94	0,6	0,43	0,2	0,5	2,22		0,1		0,2		0,3	0,9	0,9	0,06															6		2			71	7	14		
D10	42,491558	43,223322	Mix		1,49	432,7				1,73	0,16	0,4			0,34				0,1		0,2	0,4					0,09												10	2	1			56	11	20		
D11	42,491398	43,223177	Mix	0,034	1,09	375,4	0,92			1,59	1,21	0,5	0,1	0,7	0,23			0,1	0,2	0,03	0,3	0,05	0,4						0,13							0,15			7	1	3			58	10	20		
D12	42,49161	43,222803	Mix	0,28	2,59	426,4			0,8	3,25	0,79	0,35	0,2	0,1	1,99		0,4	0,1	0,5	0,02	0,3	1,9	0,6																6	0,5	1			71	5	17		
D13	42,491234	43,222618	Mix	0,08	1,24	474,5			0,6	2,02	0,28	1,03		0,2	0,41				0,5		0,2	1,1																	9		4			60	11	16		
D14	42,490804	43,221992	Mix	0,32	7,21	362	5,03	0,11	0,075	9,69	17,47	2,9	0,3	1,8	4,5	0,5			0,3		0,4	2,1	0,9						0,13										13	2	1			62	8	14		
D15	42,490485	43,221583	Mix	0,28	3,25	453,9				3,16	0,6	0,6	0,1	0,2	1,6			0,1	0,2		0,4	0,4						0,045	0,05										11	1	1			59	9	18		
D16	42,490665	43,224413	Mix	0,88	7,11	453,6				7,92	0,2	1,03	0,1	0,6	3,64				0,2		0,5	1,8															0,07		15	1	2			64	6	12		
D17	42,490598	43,224366	Mix		0,26	418,8				0,19	0,4	0,2		0,1	0,8				0,1		0,2	0,15	0,4	0,04															3		0,5			76	3	18		
D18	42,490473	43,224143	Mix	0,47	7,48	418,7				9,17	0,35	0,12		1,03	1,52			0,1	0,2		0,3	1,35																	9		3			61	9	16		
D19	42,490479	43,223886	Mix	0,68	2,6	455,7				3,47	0,14	0,59		1,11	8,29				0,2		0,1	2,04																	8		1			67	9	13		
D2	42,493019	43,223862	Mix	1,93	5,96	412,3			0,7	7,67	0,7	1,05	0,1	1,6	6,45				0,4		0,4	1,02																	10	1	4	1		55	7	22		
D20	42,490423	43,223752	Mix		1,21	417,85				1,06	0,39	0,4		0,1	0,34			0,4	0,2		0,3	0,5							0,12							0,05			8		2			62	11	17		
D21	42,490168	43,223439	Mix			449,4				0,64	0,07	0,2			0,37	0,2	0,1		0,2		0,3	0,3						0,06											13	1	4			58	9	14		
D22	42,490214	43,223211	Mix		5,72	417,8				1,28	3,43	0,2	0,5	0,3	0,34		0,3	0,1	0,15		0,3	0,36																	10		1			54	14	21		
D23	42,490208	43,222867	Mix		5,34	428,3				11,42	0,2	1,1		0,4	2,47	0,3			0,2		0,3	2,04					0,203	0,15											8	2	2			61	7	20		
D24	42,49028	43,222518	Mix	0,52	1,37	406,5				0,95	0,15	1,2		0,8	2,28	0,6			0,2	0,01	0,4	0,9	0,9																13	1	3			51	7	24		
D25	42,490421	43,222086	Mix		2,73	408,3			3,4	2,97	0,26	1,7	0,2	0,5	1,57		0,1	0,2	0,5		0,2	2,5																	5	1	2			59	15	17		
D26	42,490073	43,22185	Mix		6,93	425,8				2,48	0,8	3,9		3,2	2,26				0,5		0,3	1,4																	4		2			56	6	32		
D27	42,489968	43,221494	Mix		3,56	447,7				2,68	0,79	0,4	0,3	0,3	1,13			0,1	0,2		0,3	0,3	0,6													0,3			9	1	1			62	7	18		
D28	42,489991	43,22139	Mix		5,09	424,8				7,45	2,57	0,72		0,8	3,19				0,4		0,4	1,7							0,11										15	1	2			50	13	19		
D29	42,489663	43,224527	Mix		5,03	427,3	0,9			3,68	2,9	0,81		2,1	12,35				1,2		0,3	0,6																	9		2			59	13	17		
D3	42,492885	43,223124	Mix	0,63	2,95	144,2		1,6		0,54	0,15	0,32		2,4	33,93				4,4		1,2	1,1				0,9													8	1	1			62	9	18		
D30	42,489337	43,223858	Mix	1,59	6,42	415,03				5,62	1,17	1,06	0,3	2,3	7,05				0,5		0,1	0,7				0,6													6		1			71	8	14		
D31	42,488913	43,223143	Mix		1,99	415,1		1,4		3,3	0,29	1,1		0,2	1,4	0,3			0,6		0,4	0,8									0,7								7		3			55	6	29		
D32	42,488799	43,222403	Mix	0,38	4,42	414,3				2,7	0,17	0,2	0,13	1,02	3,32				0,5	0,06	0,2	0,3	0,3			0,45		0,12											10	0,5	3			54	8	24		
D33	42,488987	43,221767	Mix	0,12	3,95	416,2				2,62	0,12	0,11	0,3	1,72	4,12				0,2		0,3	3,05					0,15												12	0,5	3			55	12	17		
D34	42,48955	43,222592	Mix	0,15	3,81	398,9				9,37	0,8	1,42	0,3	0,2	1,28		0,1	0,1	0,2		0,2	0,6				0,6									0,5				9		2			55	13	21		
D4	42,49259	43,222206	Mix	0,25	1,04	317,1		0,103	0,076	1,04	0,17	0,11		0,1	2,36			0,15	0,22	0,01	0,3	0,6	0,4	0,08			0,06										0,11		10	0,5	2			63	8	17		
D5	42,491608	43,221515	Mix	0,25	5,55	423,2		0,13	0,14	7,17	0,39	1,68		0,3	1,8		0,2	0,107	0,2			1,2	0,6	0,07				0,14	0,08										10		2			60	10	18		
D6	42,492139	43,224357	Mix	0,41	6,87	377,6		0,6	0,2	8,59	1,26	0,22	0,1	0,4	2,97	0,3		0,2	0,3		0,5	0,4	0,11																9	1	2			61	13	14		
D7	42,491628	43,224062	Mix	0,38		473,2				2,48	0,41	0,6		0,17	4,44	0,4	0,12	0,2	0,7		0,4	0,7																	9	2	1			68	9	11		
D8	42,491681	43,223904	Mix	1,04	6,73	351,3				7,43	0,78	0,6		0,6	2,87	0,3	0,1	0,055	0,3		0,3	1,7	0,9	0,1															8	0,5	3			56	10	22		
D9	42,491481	43,223615	Mix	0,31	2,3	459,2				2,88	0,47	0,3		0,5	2,07				0,2		0,3	0,5	0,4	0,9					0,7										4	1	1			70	7	16		
NS1	42,493332	43,225065	LS	0,69	7,49	173,5		1,3		3,55	0,74	1,55	0,3	1,7	9,06				0,9		0,9	1,5	0,39																11		8	1		55	9	15		
NS2	42,491752	43,224445	LS	0,33	4,71	114,2	1,1	0,32	0,18	2,64	0,72	0,66	0,2	1,7	6,35			0,2	0,9	0,1	0,6	0,7	0,27						0,32										8		4			66	1	20		
NS3	42,490695	43,224633	LS	0,42	4,51	125,3	0,24	0,87	0,38	2,84	3,02	0,37	0,08	0,57	3,72			0,2	0,12		0,8	0,3							0,34								0,15		15	1	5			52	5	19	3	
NS4	42,490015	43,224712	LS	0,3	1,52	298		0,86		2,4	1,72	0,56	0,1	0,12	4,12	0,5	0,1	0,2	0,12	0,4	1,2	0,8	0,32	0,41					0,41										17		1	2		56	6	17		
NS5	42,488481	43,225449	LS	0,43	6,66	219,7	0,25	0,35	0,34	5,21	1,75	1,15	0,2	1,2	6,72	0,07	0,02	0,4	1,3		0,3	1,5																	12		1	0,5		61	6	19		
ST1	42,462518	43,220208	ST		6,73	228,2				2,55	0,63			0,3	2,51		0,1		0,2		0,5	1,8																	4		1	0,5		53	11	30		
ST7	42,467429	43,220792	ST		5,57	185,3	1,9	3,1	2,1	3,87	2,11	6,17		1,4	7,66				0,6		1,1	1,6															0,085		11	0,5	2	0,5		40	23	23		
ST10	42,468633	43,22046	ST		6,49	170,6		1,5		2,54	0,96	1,58	0,2	1,3	10,77				0,2		1,1	0,7													0,5				7		8			50	8	27		
ST11	42,469019	43,221048	ST		2,23	270				2,21	0,5	0,86	0,2	0,4	1,46				0,3		0,5	1,1				0,5									0,15				11	1	2	0,5		55	14	17		
ST12	42,470028	43,220308	ST		7,18	207,3	0,3	0,21		3,99	0,9	0,71		1,2	8,61				0,5		1,1	1,3																	9	0,5	5	1		41	10	34	0,5	
ST13	42,47064	43,219877	ST	1,31	8,97	277,5	0,46	0,18	0,29	6,56	1,3	0,79	0,2	0,7	5,17				0,16		0,6	1,6												0,1		1,4			7		10			42	7	34		
ST14	42,472442	43,221272	ST		5,87	167,4	0,21	0,28	0,29	2,41	0,98	0,65		1,4	9,37				1,4		1,1	1,6		0,48															14		14			31	8	33		
ST15	42,472571	43,220234	ST		10,21	304,7	0,18	0,28		6,31	3,32	1,17		1,3	7,14	0,7			0,3		0,7	2,2																	3		8	1		45	3	40		
ST16	42,472641	43,220311	ST		6,32	159,9		3		5,59	1,23	0,71		1	5,03	0,3			0,5		0,7	1,9																	6		2			57	14	21		
ST17	42,47448	43,219354	ST		8,38	361,3				8,66	0,55	0,15		2	13,45				1		0,7	2,4																	11		2	0,5		32	31	24		
ST18	42,474397	43,218505	ST	0,56	5,4	138,4				5,66	0,16	0,49	0,3	0,6	3,35	0,4			0,3		0,7	1,5	1,02												0,3				9		3	1		50	13	24		
ST19	42,474686	43,217588	ST	1,12	6	234,5	0,9	0,7		4,83	0,71	0,35	0,1	0,3	1,92			0,1	0,2		0,3	0,7	1,1																5		0,5	0,5		63	11	20		
ST2	42,463645	43,22091	ST		5,14	154,6				3,25	0,2	0,3		1	10,11				0,3		0,2	0,8																	6		2	1		57	12	22		
ST20	42,476744	43,21978	ST		5,55	152,3	0,22	0,24		2,68	0,89	1,13	0,2	0,9	7,2			0,2	0,5		1,2	0,5																	6	1	1	1		59	10	20		
ST21	42,477588	43,216533	ST	0,5	7,86	384,6				5,02	0,78	0,16		3,36	2,89		0,6		0,8	0,2	0,3	0,8	0,9								1,6								10		3			56	13	18		
ST22	42,478431	43,215865	ST	0,35	5,07	234,3				4,95	0,28	0,11		0,4	1,36		0,1	0,2	0,15		0,4	0,9	0,6			0,4													9		2			46	15	28		
ST23	42,480439	43,218026	ST	0,38	4,55	203,1				6,91	0,71	1,01	0,1	0,1	1,82		0,3		0,3		0,7	2,2	1,2	0,15															3		1			69	8	19		
ST24	42,484885	43,217697	ST	0,69	8,67	238,5				5,91	0,24	0,26	0,1	0,2	2,04				0,3		0,7	4,4				0,5													23		4			51	4	18		
ST25	42,486914	43,218286	ST	0,52	4,76	209,3				5,2	0,87	0,32		0,6	2,55	0,5			0,4		0,6	0,7		0,9															20		3			43	8	26		
ST26	42,487506	43,218822	ST	0,46	8,88	166				10,03	0,21	0,69		0,3	2,11			0,4	0,2		0,8	1,7				0,8					0,15				0,5				6		4			59	10	20		
ST27	42,47854788	43,21716955	ST		8,48	224,9		1		6,51	0,38	0,19	0,1	0,4	2,38	0,3	0,1	0,4	0,4		0,5	0,7																	6		2	3		63	6	19	1	
ST28	42,48101397	43,21929833	ST	1,02	2,8	128,9				2,31	1,89	0,52	0,4	0,5	3,84				1,4		0,7	1,2	0,26																5		5	1		48	8	31		
ST3	42,4652	43,220358	ST		6,66	291,6				5,48	0,23	0,2		0,2	0,53			0,1	0,17		0,3	0,6		0,11		0,3													5	1	1			55	10	28		
ST4	42,465537	43,220919	ST		1,36	419,2				0,52	0,13	0,21		0,1	0,39		0,1	0,1	0,26		0,2	0,3																	11	1	1			61	5	21		
ST5	42,466709	43,220782	ST		11,8	240,5	0,5			9,84	0,22	1,14		1,02	6,84				0,5		0,4	1,7				0,5													12	0,5	3			43	18	22		
ST6	42,467247	43,220412	ST	0,51	8,12	300,4	1,5	0,14		8,8	1,31	0,67	0,3	0,9	2,65	0,2	0,1	0,2	0,2	0,1	0,5	1,8	0,5			0,4													9	3	1			45	16	25		
ST8	42,467657	43,220774	ST	0,59	8,03	256,6		1,1		7,66	1,05	0,42	0,1	0,7	3,48				0,3		0,4	1,5		0,11		0,8													11	1	2			46	18	22		
ST9	42,467986	43,220383	ST	0,21	4,06	201,65		1,2		8,46	0,6	0,25	0,1	0,3	3,23	0,3	0,14	0,4	0,3		0,7	2,1																	8		3			65	5	19		
STorg1	42,467851	43,221212	ST	0,65	8,78	299,9				9,3	0,62	0,78	0,3	0,4	4,29	0,4	0,3		0,3		0,3	2,5	0,13																6		6	0,5		49	19	19	1	
STorg2	42,468826	43,220695	ST	0,81	4,77	247	0,16	0,19		3,15	0,8	0,51	0,2	0,5	2,63				0,2		0,5	0,5												0,11					3	0,5	0,5			63	4	29		
STorg3	42,46959	43,220969	ST	0,24	6,73	234,4	0,43	0,18	0,32	5,37	1,3	0,83		0,8	4,43	0,4		0,2	0,2		0,7	1,7																	12		4			46	15	22	1	
WS1	42,488796	43,223865	LS	1,51	7,41	311,9		0,56		7,74	0,86	0,95	0,2	1,5	5,59			0,2	1,2		0,2	1,5	1,9					0,12			0,2								12		4	2		51	7	21		
WS2	42,488534	43,22338	LS	1,5	6,41	206,9		0,46	0,35	5,7	1,4	1,04		0,26	10,29			0,3	1,1		0,25	2,7																	20		6	1		50	10	13		
WS3	42,488343	43,22304	LS	0,19	6,92	193,8				4,02	2,11	1,18	0,3	4,3	11,29				0,6		1,1	1,5						0,12											24	1	1	2		55	4	12	0,5	
WS4	42,488904	43,221728	LS	1,11	4,44	184,3				3,31	1,94	2,7		0,8	2,31	0,5		0,13	0,8	0,2	0,8	1,3	2,2								0,19								19	2	6	1		52	4	15		
NV1	42,483277	43,230453	NV_left_slope		9,28	277,4				5,71	3,1	0,27		0,25	11,51	0,13		0,02	0,7	0,02	0,4	1,03	0,09								0,08								48	0	8	0		31	3	10	0	
NV2	42,477273	43,23179	NV_left_slope	0,12	3,24	101,4		0,36	1,41	2,81	1,8	0,33	0,03	0,16	5,41		0,015	0,06	0,8	0,02	0,6	1,04	0,12		0,17			0,09	0,18								0,07		16	0	7	0		53	4	20	0	
NV3	42,475269	43,232179	NV_left_slope	1,34	3,11	246,2	0,14	0,07	1,02	2,47	3,9	0,16		0,4	13,5	0,23	0,02		0,9	0,01	0,2	1,6	0,22																11	1	2	0		65	7	13	0	
NV4	42,474556	43,232372	NV_left_slope	0,96	2,73	262,1		0,05		1,88	2	0,23		0,7	8,4				0,8	0,09	0,3	0,87	0,07						0,18										52	1	5	4		24	3	11	0	
NV5	42,464446	43,237523	NV_moraine	0,64	8,38	191,8				8,73	5,5	0,32	0,1	1,1	6,5	0,3	0,1	1,3	1,4		0,3	1,2	0,06	0,06		0,05													14	0	4	2		40	15	25	0	
NV6	42,464853	43,236863	NV_moraine	0,92	7,71	226,9		0,4	0,05	6,82	7,7	0,51		1,1	5,81	0,06		2	1,4		0,4	1,8	0,09					0,13											12	0	1	0		57	10	18	0	
NV7	42,467249	43,235874	NV_moraine	0,78	5,94	237,2				4,38	2,7	0,31	0,2	1,1	9,82	0,1		1,3	1	0,03	0,6	2,3	0,17			0,06	0,03	0,11											24	3	3	0		39	15	14	1	
NV8	42,468365	43,233658	NV_right_slope	1,65	7,78	244,3	0,02	0,15		5,21	6,9	0,59	0,2	2,1	7,73	0,08	0,05	1,6	1,6	0,03	0,3	1,2	0,07				0,03										0,05		27	5	9	0		32	5	21	1	
NV9	42,471519	43,232047	NV_right_slope	0,2	3,11	306,7	0,03			0,56	1,17	0,6	0,1	0,5	1,64			0,5	0,5	0,02	0,7	1,3	0,08		0,07	0,03			0,07										6	0	4	0		69	6	13	0	
DAP1	42,492564	43,221875	Mix	0,8	8,61	248,4	0,14	0,16	0,07	7,42	0,63	0,17	0,3	0,6	2,34	0,03	0,02	1	1,2		0,3	1,5	0,7					0,14								0,11			18	0	1	0		60	5	16	0	
DAP2	42,495645	43,222166	Seven	0,34	8,75	258,3				6,61	0,43	0,28	0,1	0,3	2,63				0,2		0,4	2,5	0,8			0,05					0,03							0,015	21	1	2	0		58	2	15	0	
DAP3	42,495595	43,22188	Seven	0,17	4,25	203,7	0,1			6,29	0,22	0,18	0,1	0,2	1,35			1	2		0,3	1,31		0,03		0,05	0,02	0,05			0,05								22	0	1	0		61	2	14	0	
DAP4	42,495238	43,221716	Seven	0,86	11,77	219,5			0,83	8,68	0,28	1,08	0,2	0,18	7,42				1,6	0,01	0,1	1,22	0,13																19	0	5	0		49	6	21	0	
DAP5	42,494917	43,221516	Seven	0,52	11,94	307,2				2,78	7,15	0,16	0,1	1,2	2,19		0,01	1,3	1		0,6	1,4	0,07	0,08				0,08									0,02		22	1	4	0		46	6	21	0	
DAP6	42,494281	43,221173	Seven	0,73	7,09	282,4		0,5	0,11	7,24	1,26	0,73		0,7	6,18				1,4		0,3	1,6	0,1					0,13											11	0	2	0		49	21	16	0	
DAP7	42,490669	43,220964	Mix	0,72	10,58	264,5			0,46	8,82	1,4	0,35	0,4	0,9	3,72		0,02		1,1	0,02	0,4	0,28	0,09						0,11		0,16								7	1	4	0		58	12	17	0	
DAP8	42,492106	43,221525	Mix	0,31	6,63	276,6				1,25	2,83	0,3		0,3	0,38	0,02	0,01		1	0,01	0,2	0,6	0,07			0,02		0,03											29	0	1	1		50	6	12	0	
DAP9	42,493272	43,223559	Mix	1,59	12,28	232,9		0,36		8,52	0,47	0,12	0,05	0,17	14,65			1,2	0,9	0,02	0,5	0,8				0,08													17	0	4	0		41	17	20	0	
DAP10	42,493332	43,224273	Mix	2,38	3,78	200,6				3,71	1,9	1,37	0,09	0,18	8,9	0,09			1,4		0,5	0,2	0,07	0,13													0,03		8	0	4	0		63	9	16	0	
																																																
